# unkcost.txt
# 
# Copyright (c) 2023 Ricoh Company, Ltd.
# 
# Licensed under the Apache License, Version 2.0 (the "License");
# you may not use this file except in compliance with the License.
# You may obtain a copy of the License at
# 
#     http://www.apache.org/licenses/LICENSE-2.0
# 
# Unless required by applicable law or agreed to in writing, software
# distributed under the License is distributed on an "AS IS" BASIS,
# WITHOUT WARRANTIES OR CONDITIONS OF ANY KIND, either express or implied.
# See the License for the specific language governing permissions and
# limitations under the License.
# 

#
# # 以降はコメントとみなされる。
# トークンのセパレータは、SPACE又はTAB(の連続)である。
# 先頭に、SPACE又はTAB(の連続)が入っていてもかまわない。
#
# コストは、10進数
#
# 1行あたり改行を除き、127文字迄入力可能
#
# ここでコストを25以下に設定したものは、同表記未登録語候補の排除
# の制約を受けない。
#
# 辞書に登録された形態素のコストの最大値は、255 であるが、未登録語のコストの最大値は、65535 である
#
#  1字   2字   3字   4字   5字   6字   7字   8字   9字  10字  11字  12字  13字  14字  15字
   416   464   608  1600  1856  2112  2368  2624  2880  3136  3392  3648  3904  4160  4416 #  0:漢字列
  4672  4928  5184  5440  5696  5952  6208  6464  6720  6976  7232  7488  7744  8000  8256 #  16～ 30字
  8512  8768  9024  9280  9536  9792 10048 10304 10560 10816 11072 11328 11584 11840 12096 #  31～ 45字
 12352 12608 12864 13120 13376 13632 13888 14144 14400 14656 14912 15168 15424 15680 15936 #  46～ 60字
 16192 16448 16704 16960 17216 17472 17728 17984 18240 18496 18752 19008 19264 19520 19776 #  61～ 75字
 20032 20288 20544 20800 21056 21312 21568 21824 22080 22336 22592 22848 23104 23360 23616 #  76～ 90字
 23872 24128 24384 24640 24896 25152 25408 25664 25920 26176 26432 26688 26944 27200 27456 #  91～105字
 27712 27968 28224 28480 28736 28992 29248 29504 29760 30016 30272 30528 30784 31040 31296 # 106～120字
 31552 31808 32064 32320 32576 32832 33088 33344 33600 33856 34112 34368 34624 34880 35136 # 121～135字
 35392 35648 35904 36160 36416 36672 36928 37184 37440 37696 37952 38208 38464 38720 38976 # 136～150字
 39232 39488 39744 40000 40256 40512 40768 41024 41280 41536 41792 42048 42304 42560 42816 # 151～165字
 43072 43328 43584 43840 44096 44352 44608 44864 45120 45376 45632 45888 46144 46400 46656 # 166～180字
 46912 47168 47424 47680 47936 48192 48448 48704 48960 49216 49472 49728 49984 50240 50496 # 181～195字
 50752 51008 51264 51520 51776 52032 52288 52544 52800 53056 53312 53568 53824 54080 54336 # 196～210字
 54592 54848 55104 55360 55616 55872 56128 56384 56640 56896 57152 57408 57664 57920 58176 # 211～225字
 58432 58688 58944 59200 59456 59712 59968 60224 60480 60736 60992 61248 61504 61760 62016 # 226～240字
 62272 62528 62784 63040 63296 63552 63808 64064 64320 64576 64832 65088 65344 65535 65535 # 241～255字
  2032   336   480   672   784  2032  2288  2544  2800  3056  3312  3568  3824  4080  4336 #  1:漢字ひらがな列
  4592  4848  5104  5360  5616  5872  6128  6384  6640  6896  7152  7408  7664  7920  8176 #  16～ 30字
  8432  8688  8944  9200  9456  9712  9968 10224 10480 10736 10992 11248 11504 11760 12016 #  31～ 45字
 12272 12528 12784 13040 13296 13552 13808 14064 14320 14576 14832 15088 15344 15600 15856 #  46～ 60字
 16112 16368 16624 16880 17136 17392 17648 17904 18160 18416 18672 18928 19184 19440 19696 #  61～ 75字
 19952 20208 20464 20720 20976 21232 21488 21744 22000 22256 22512 22768 23024 23280 23536 #  76～ 90字
 23792 24048 24304 24560 24816 25072 25328 25584 25840 26096 26352 26608 26864 27120 27376 #  91～105字
 27632 27888 28144 28400 28656 28912 29168 29424 29680 29936 30192 30448 30704 30960 31216 # 106～120字
 31472 31728 31984 32240 32496 32752 33008 33264 33520 33776 34032 34288 34544 34800 35056 # 121～135字
 35312 35568 35824 36080 36336 36592 36848 37104 37360 37616 37872 38128 38384 38640 38896 # 136～150字
 39152 39408 39664 39920 40176 40432 40688 40944 41200 41456 41712 41968 42224 42480 42736 # 151～165字
 42992 43248 43504 43760 44016 44272 44528 44784 45040 45296 45552 45808 46064 46320 46576 # 166～180字
 46832 47088 47344 47600 47856 48112 48368 48624 48880 49136 49392 49648 49904 50160 50416 # 181～195字
 50672 50928 51184 51440 51696 51952 52208 52464 52720 52976 53232 53488 53744 54000 54256 # 196～210字
 54512 54768 55024 55280 55536 55792 56048 56304 56560 56816 57072 57328 57584 57840 58096 # 211～225字
 58352 58608 58864 59120 59376 59632 59888 60144 60400 60656 60912 61168 61424 61680 61936 # 226～240字
 62192 62448 62704 62960 63216 63472 63728 63984 64240 64496 64752 65008 65264 65520 65535 # 241～255字
   800   352   544   640   960  2032  2288  2544  2800  3056  3312  3568  3824  4080  4336 #  2:ひらがな列
  4592  4848  5104  5360  5616  5872  6128  6384  6640  6896  7152  7408  7664  7920  8176 #  16～ 30字
  8432  8688  8944  9200  9456  9712  9968 10224 10480 10736 10992 11248 11504 11760 12016 #  31～ 45字
 12272 12528 12784 13040 13296 13552 13808 14064 14320 14576 14832 15088 15344 15600 15856 #  46～ 60字
 16112 16368 16624 16880 17136 17392 17648 17904 18160 18416 18672 18928 19184 19440 19696 #  61～ 75字
 19952 20208 20464 20720 20976 21232 21488 21744 22000 22256 22512 22768 23024 23280 23536 #  76～ 90字
 23792 24048 24304 24560 24816 25072 25328 25584 25840 26096 26352 26608 26864 27120 27376 #  91～105字
 27632 27888 28144 28400 28656 28912 29168 29424 29680 29936 30192 30448 30704 30960 31216 # 106～120字
 31472 31728 31984 32240 32496 32752 33008 33264 33520 33776 34032 34288 34544 34800 35056 # 121～135字
 35312 35568 35824 36080 36336 36592 36848 37104 37360 37616 37872 38128 38384 38640 38896 # 136～150字
 39152 39408 39664 39920 40176 40432 40688 40944 41200 41456 41712 41968 42224 42480 42736 # 151～165字
 42992 43248 43504 43760 44016 44272 44528 44784 45040 45296 45552 45808 46064 46320 46576 # 166～180字
 46832 47088 47344 47600 47856 48112 48368 48624 48880 49136 49392 49648 49904 50160 50416 # 181～195字
 50672 50928 51184 51440 51696 51952 52208 52464 52720 52976 53232 53488 53744 54000 54256 # 196～210字
 54512 54768 55024 55280 55536 55792 56048 56304 56560 56816 57072 57328 57584 57840 58096 # 211～225字
 58352 58608 58864 59120 59376 59632 59888 60144 60400 60656 60912 61168 61424 61680 61936 # 226～240字
 62192 62448 62704 62960 63216 63472 63728 63984 64240 64496 64752 65008 65264 65520 65535 # 241～255字
#  256   256   256   256   256   256   512   768  1024  1280  1536  1792  2048  2304  2560 #  3:数字列
# 2816  3072  3328  3584  3840  4096  4352  4608  4864  5120  5376  5632  5888  6144  6400 #  16～ 30字
# 6656  6912  7168  7424  7680  7936  8192  8448  8704  8960  9216  9472  9728  9984 10240 #  31～ 45字
#10496 10752 11008 11264 11520 11776 12032 12288 12544 12800 13056 13312 13568 13824 14080 #  46～ 60字
#14336 14592 14848 15104 15360 15616 15872 16128 16384 16640 16896 17152 17408 17664 17920 #  61～ 75字
#18176 18432 18688 18944 19200 19456 19712 19968 20224 20480 20736 20992 21248 21504 21760 #  76～ 90字
#22016 22272 22528 22784 23040 23296 23552 23808 24064 24320 24576 24832 25088 25344 25600 #  91～105字
#25856 26112 26368 26624 26880 27136 27392 27648 27904 28160 28416 28672 28928 29184 29440 # 106～120字
#29696 29952 30208 30464 30720 30976 31232 31488 31744 32000 32256 32512 32768 33024 33280 # 121～135字
#33536 33792 34048 34304 34560 34816 35072 35328 35584 35840 36096 36352 36608 36864 37120 # 136～150字
#37376 37632 37888 38144 38400 38656 38912 39168 39424 39680 39936 40192 40448 40704 40960 # 151～165字
#41216 41472 41728 41984 42240 42496 42752 43008 43264 43520 43776 44032 44288 44544 44800 # 166～180字
#45056 45312 45568 45824 46080 46336 46592 46848 47104 47360 47616 47872 48128 48384 48640 # 181～195字
#48896 49152 49408 49664 49920 50176 50432 50688 50944 51200 51456 51712 51968 52224 52480 # 196～210字
#52736 52992 53248 53504 53760 54016 54272 54528 54784 55040 55296 55552 55808 56064 56320 # 211～225字
#56576 56832 57088 57344 57600 57856 58112 58368 58624 58880 59136 59392 59648 59904 60160 # 226～240字
#60416 60672 60928 61184 61440 61696 61952 62208 62464 62720 62976 63232 63488 63744 64000 # 241～255字
    25    25    25    25    25    25    25    25    25    25    25    25    25    25    25 #  3:数字列
    25    25    25    25    25    25    25    25    25    25    25    25    25    25    25 #  16～ 30字
    25    25    25    25    25    25    25    25    25    25    25    25    25    25    25 #  31～ 45字
    25    25    25    25    25    25    25    25    25    25    25    25    25    25    25 #  46～ 60字
    25    25    25    25    25    25    25    25    25    25    25    25    25    25    25 #  61～ 75字
    25    25    25    25    25    25    25    25    25    25    25    25    25    25    25 #  76～ 90字
    25    25    25    25    25    25    25    25    25    25    25    25    25    25    25 #  91～105字
    25    25    25    25    25    25    25    25    25    25    25    25    25    25    25 # 106～120字
    25    25    25    25    25    25    25    25    25    25    25    25    25    25    25 # 121～135字
    25    25    25    25    25    25    25    25    25    25    25    25    25    25    25 # 136～150字
    25    25    25    25    25    25    25    25    25    25    25    25    25    25    25 # 151～165字
    25    25    25    25    25    25    25    25    25    25    25    25    25    25    25 # 166～180字
    25    25    25    25    25    25    25    25    25    25    25    25    25    25    25 # 181～195字
    25    25    25    25    25    25    25    25    25    25    25    25    25    25    25 # 196～210字
    25    25    25    25    25    25    25    25    25    25    25    25    25    25    25 # 211～225字
    25    25    25    25    25    25    25    25    25    25    25    25    25    25    25 # 226～240字
    25    25    25    25    25    25    25    25    25    25    25    25    25    25    25 # 241～255字
#  960   608   608   608   960  1920  2176  2432  2688  2944  3200  3456  3712  3968  4224 #  4:漢数字列
# 4480  4736  4992  5248  5504  5760  6016  6272  6528  6784  7040  7296  7552  7808  8064 #  16～ 30字
# 8320  8576  8832  9088  9344  9600  9856 10112 10368 10624 10880 11136 11392 11648 11904 #  31～ 45字
#12160 12416 12672 12928 13184 13440 13696 13952 14208 14464 14720 14976 15232 15488 15744 #  46～ 60字
#16000 16256 16512 16768 17024 17280 17536 17792 18048 18304 18560 18816 19072 19328 19584 #  61～ 75字
#19840 20096 20352 20608 20864 21120 21376 21632 21888 22144 22400 22656 22912 23168 23424 #  76～ 90字
#23680 23936 24192 24448 24704 24960 25216 25472 25728 25984 26240 26496 26752 27008 27264 #  91～105字
#27520 27776 28032 28288 28544 28800 29056 29312 29568 29824 30080 30336 30592 30848 31104 # 106～120字
#31360 31616 31872 32128 32384 32640 32896 33152 33408 33664 33920 34176 34432 34688 34944 # 121～135字
#35200 35456 35712 35968 36224 36480 36736 36992 37248 37504 37760 38016 38272 38528 38784 # 136～150字
#39040 39296 39552 39808 40064 40320 40576 40832 41088 41344 41600 41856 42112 42368 42624 # 151～165字
#42880 43136 43392 43648 43904 44160 44416 44672 44928 45184 45440 45696 45952 46208 46464 # 166～180字
#46720 46976 47232 47488 47744 48000 48256 48512 48768 49024 49280 49536 49792 50048 50304 # 181～195字
#50560 50816 51072 51328 51584 51840 52096 52352 52608 52864 53120 53376 53632 53888 54144 # 196～210字
#54400 54656 54912 55168 55424 55680 55936 56192 56448 56704 56960 57216 57472 57728 57984 # 211～225字
#58240 58496 58752 59008 59264 59520 59776 60032 60288 60544 60800 61056 61312 61568 61824 # 226～240字
#62080 62336 62592 62848 63104 63360 63616 63872 64128 64384 64640 64896 65152 65408 65535 # 241～255字
    25    25    25    25    25    25    25    25    25    25    25    25    25    25    25 #  4:漢数字列
    25    25    25    25    25    25    25    25    25    25    25    25    25    25    25 #  16～ 30字
    25    25    25    25    25    25    25    25    25    25    25    25    25    25    25 #  31～ 45字
    25    25    25    25    25    25    25    25    25    25    25    25    25    25    25 #  46～ 60字
    25    25    25    25    25    25    25    25    25    25    25    25    25    25    25 #  61～ 75字
    25    25    25    25    25    25    25    25    25    25    25    25    25    25    25 #  76～ 90字
    25    25    25    25    25    25    25    25    25    25    25    25    25    25    25 #  91～105字
    25    25    25    25    25    25    25    25    25    25    25    25    25    25    25 # 106～120字
    25    25    25    25    25    25    25    25    25    25    25    25    25    25    25 # 121～135字
    25    25    25    25    25    25    25    25    25    25    25    25    25    25    25 # 136～150字
    25    25    25    25    25    25    25    25    25    25    25    25    25    25    25 # 151～165字
    25    25    25    25    25    25    25    25    25    25    25    25    25    25    25 # 166～180字
    25    25    25    25    25    25    25    25    25    25    25    25    25    25    25 # 181～195字
    25    25    25    25    25    25    25    25    25    25    25    25    25    25    25 # 196～210字
    25    25    25    25    25    25    25    25    25    25    25    25    25    25    25 # 211～225字
    25    25    25    25    25    25    25    25    25    25    25    25    25    25    25 # 226～240字
    25    25    25    25    25    25    25    25    25    25    25    25    25    25    25 # 241～255字
  2032   608   608   480   480   608   864  1120  1376  1632  1888  2144  2400  2656  2912 #  5:カタカナ列
  3168  3424  3680  3936  4192  4448  4704  4960  5216  5472  5728  5984  6240  6496  6752 #  16～ 30字
  7008  7264  7520  7776  8032  8288  8544  8800  9056  9312  9568  9824 10080 10336 10592 #  31～ 45字
 10848 11104 11360 11616 11872 12128 12384 12640 12896 13152 13408 13664 13920 14176 14432 #  46～ 60字
 14688 14944 15200 15456 15712 15968 16224 16480 16736 16992 17248 17504 17760 18016 18272 #  61～ 75字
 18528 18784 19040 19296 19552 19808 20064 20320 20576 20832 21088 21344 21600 21856 22112 #  76～ 90字
 22368 22624 22880 23136 23392 23648 23904 24160 24416 24672 24928 25184 25440 25696 25952 #  91～105字
 26208 26464 26720 26976 27232 27488 27744 28000 28256 28512 28768 29024 29280 29536 29792 # 106～120字
 30048 30304 30560 30816 31072 31328 31584 31840 32096 32352 32608 32864 33120 33376 33632 # 121～135字
 33888 34144 34400 34656 34912 35168 35424 35680 35936 36192 36448 36704 36960 37216 37472 # 136～150字
 37728 37984 38240 38496 38752 39008 39264 39520 39776 40032 40288 40544 40800 41056 41312 # 151～165字
 41568 41824 42080 42336 42592 42848 43104 43360 43616 43872 44128 44384 44640 44896 45152 # 166～180字
 45408 45664 45920 46176 46432 46688 46944 47200 47456 47712 47968 48224 48480 48736 48992 # 181～195字
 49248 49504 49760 50016 50272 50528 50784 51040 51296 51552 51808 52064 52320 52576 52832 # 196～210字
 53088 53344 53600 53856 54112 54368 54624 54880 55136 55392 55648 55904 56160 56416 56672 # 211～225字
 56928 57184 57440 57696 57952 58208 58464 58720 58976 59232 59488 59744 60000 60256 60512 # 226～240字
 60768 61024 61280 61536 61792 62048 62304 62560 62816 63072 63328 63584 63840 64096 64352 # 241～255字
65535 65535 65535 65535 65535 65535 65535 65535 65535 65535 65535 65535 65535 65535 65535 #  6:カタカナ小文字始まりカタカナ列
65535 65535 65535 65535 65535 65535 65535 65535 65535 65535 65535 65535 65535 65535 65535 #  16～ 30字
65535 65535 65535 65535 65535 65535 65535 65535 65535 65535 65535 65535 65535 65535 65535 #  31～ 45字
65535 65535 65535 65535 65535 65535 65535 65535 65535 65535 65535 65535 65535 65535 65535 #  46～ 60字
65535 65535 65535 65535 65535 65535 65535 65535 65535 65535 65535 65535 65535 65535 65535 #  61～ 75字
65535 65535 65535 65535 65535 65535 65535 65535 65535 65535 65535 65535 65535 65535 65535 #  76～ 90字
65535 65535 65535 65535 65535 65535 65535 65535 65535 65535 65535 65535 65535 65535 65535 #  91～105字
65535 65535 65535 65535 65535 65535 65535 65535 65535 65535 65535 65535 65535 65535 65535 # 106～120字
65535 65535 65535 65535 65535 65535 65535 65535 65535 65535 65535 65535 65535 65535 65535 # 121～135字
65535 65535 65535 65535 65535 65535 65535 65535 65535 65535 65535 65535 65535 65535 65535 # 136～150字
65535 65535 65535 65535 65535 65535 65535 65535 65535 65535 65535 65535 65535 65535 65535 # 151～165字
65535 65535 65535 65535 65535 65535 65535 65535 65535 65535 65535 65535 65535 65535 65535 # 166～180字
65535 65535 65535 65535 65535 65535 65535 65535 65535 65535 65535 65535 65535 65535 65535 # 181～195字
65535 65535 65535 65535 65535 65535 65535 65535 65535 65535 65535 65535 65535 65535 65535 # 196～210字
65535 65535 65535 65535 65535 65535 65535 65535 65535 65535 65535 65535 65535 65535 65535 # 211～225字
65535 65535 65535 65535 65535 65535 65535 65535 65535 65535 65535 65535 65535 65535 65535 # 226～240字
65535 65535 65535 65535 65535 65535 65535 65535 65535 65535 65535 65535 65535 65535 65535 # 241～255字
  960 65535 65535 65535 65535 65535 65535 65535 65535 65535 65535 65535 65535 65535 65535 #  7:記号
65535 65535 65535 65535 65535 65535 65535 65535 65535 65535 65535 65535 65535 65535 65535 #  16～ 30字
65535 65535 65535 65535 65535 65535 65535 65535 65535 65535 65535 65535 65535 65535 65535 #  31～ 45字
65535 65535 65535 65535 65535 65535 65535 65535 65535 65535 65535 65535 65535 65535 65535 #  46～ 60字
65535 65535 65535 65535 65535 65535 65535 65535 65535 65535 65535 65535 65535 65535 65535 #  61～ 75字
65535 65535 65535 65535 65535 65535 65535 65535 65535 65535 65535 65535 65535 65535 65535 #  76～ 90字
65535 65535 65535 65535 65535 65535 65535 65535 65535 65535 65535 65535 65535 65535 65535 #  91～105字
65535 65535 65535 65535 65535 65535 65535 65535 65535 65535 65535 65535 65535 65535 65535 # 106～120字
65535 65535 65535 65535 65535 65535 65535 65535 65535 65535 65535 65535 65535 65535 65535 # 121～135字
65535 65535 65535 65535 65535 65535 65535 65535 65535 65535 65535 65535 65535 65535 65535 # 136～150字
65535 65535 65535 65535 65535 65535 65535 65535 65535 65535 65535 65535 65535 65535 65535 # 151～165字
65535 65535 65535 65535 65535 65535 65535 65535 65535 65535 65535 65535 65535 65535 65535 # 166～180字
65535 65535 65535 65535 65535 65535 65535 65535 65535 65535 65535 65535 65535 65535 65535 # 181～195字
65535 65535 65535 65535 65535 65535 65535 65535 65535 65535 65535 65535 65535 65535 65535 # 196～210字
65535 65535 65535 65535 65535 65535 65535 65535 65535 65535 65535 65535 65535 65535 65535 # 211～225字
65535 65535 65535 65535 65535 65535 65535 65535 65535 65535 65535 65535 65535 65535 65535 # 226～240字
65535 65535 65535 65535 65535 65535 65535 65535 65535 65535 65535 65535 65535 65535 65535 # 241～255字
65535 65535 65535 65535 65535 65535 65535 65535 65535 65535 65535 65535 65535 65535 65535 #  8:々漢字列
65535 65535 65535 65535 65535 65535 65535 65535 65535 65535 65535 65535 65535 65535 65535 #  16～ 30字
65535 65535 65535 65535 65535 65535 65535 65535 65535 65535 65535 65535 65535 65535 65535 #  31～ 45字
65535 65535 65535 65535 65535 65535 65535 65535 65535 65535 65535 65535 65535 65535 65535 #  46～ 60字
65535 65535 65535 65535 65535 65535 65535 65535 65535 65535 65535 65535 65535 65535 65535 #  61～ 75字
65535 65535 65535 65535 65535 65535 65535 65535 65535 65535 65535 65535 65535 65535 65535 #  76～ 90字
65535 65535 65535 65535 65535 65535 65535 65535 65535 65535 65535 65535 65535 65535 65535 #  91～105字
65535 65535 65535 65535 65535 65535 65535 65535 65535 65535 65535 65535 65535 65535 65535 # 106～120字
65535 65535 65535 65535 65535 65535 65535 65535 65535 65535 65535 65535 65535 65535 65535 # 121～135字
65535 65535 65535 65535 65535 65535 65535 65535 65535 65535 65535 65535 65535 65535 65535 # 136～150字
65535 65535 65535 65535 65535 65535 65535 65535 65535 65535 65535 65535 65535 65535 65535 # 151～165字
65535 65535 65535 65535 65535 65535 65535 65535 65535 65535 65535 65535 65535 65535 65535 # 166～180字
65535 65535 65535 65535 65535 65535 65535 65535 65535 65535 65535 65535 65535 65535 65535 # 181～195字
65535 65535 65535 65535 65535 65535 65535 65535 65535 65535 65535 65535 65535 65535 65535 # 196～210字
65535 65535 65535 65535 65535 65535 65535 65535 65535 65535 65535 65535 65535 65535 65535 # 211～225字
65535 65535 65535 65535 65535 65535 65535 65535 65535 65535 65535 65535 65535 65535 65535 # 226～240字
65535 65535 65535 65535 65535 65535 65535 65535 65535 65535 65535 65535 65535 65535 65535 # 241～255字
65535 65535 65535 65535 65535 65535 65535 65535 65535 65535 65535 65535 65535 65535 65535 #  9:々漢字ひらがな列
65535 65535 65535 65535 65535 65535 65535 65535 65535 65535 65535 65535 65535 65535 65535 #  16～ 30字
65535 65535 65535 65535 65535 65535 65535 65535 65535 65535 65535 65535 65535 65535 65535 #  31～ 45字
65535 65535 65535 65535 65535 65535 65535 65535 65535 65535 65535 65535 65535 65535 65535 #  46～ 60字
65535 65535 65535 65535 65535 65535 65535 65535 65535 65535 65535 65535 65535 65535 65535 #  61～ 75字
65535 65535 65535 65535 65535 65535 65535 65535 65535 65535 65535 65535 65535 65535 65535 #  76～ 90字
65535 65535 65535 65535 65535 65535 65535 65535 65535 65535 65535 65535 65535 65535 65535 #  91～105字
65535 65535 65535 65535 65535 65535 65535 65535 65535 65535 65535 65535 65535 65535 65535 # 106～120字
65535 65535 65535 65535 65535 65535 65535 65535 65535 65535 65535 65535 65535 65535 65535 # 121～135字
65535 65535 65535 65535 65535 65535 65535 65535 65535 65535 65535 65535 65535 65535 65535 # 136～150字
65535 65535 65535 65535 65535 65535 65535 65535 65535 65535 65535 65535 65535 65535 65535 # 151～165字
65535 65535 65535 65535 65535 65535 65535 65535 65535 65535 65535 65535 65535 65535 65535 # 166～180字
65535 65535 65535 65535 65535 65535 65535 65535 65535 65535 65535 65535 65535 65535 65535 # 181～195字
65535 65535 65535 65535 65535 65535 65535 65535 65535 65535 65535 65535 65535 65535 65535 # 196～210字
65535 65535 65535 65535 65535 65535 65535 65535 65535 65535 65535 65535 65535 65535 65535 # 211～225字
65535 65535 65535 65535 65535 65535 65535 65535 65535 65535 65535 65535 65535 65535 65535 # 226～240字
65535 65535 65535 65535 65535 65535 65535 65535 65535 65535 65535 65535 65535 65535 65535 # 241～255字
  960 65535 65535 65535 65535 65535 65535 65535 65535 65535 65535 65535 65535 65535 65535 # 10:アルファベット１文字
65535 65535 65535 65535 65535 65535 65535 65535 65535 65535 65535 65535 65535 65535 65535 #  16～ 30字
65535 65535 65535 65535 65535 65535 65535 65535 65535 65535 65535 65535 65535 65535 65535 #  31～ 45字
65535 65535 65535 65535 65535 65535 65535 65535 65535 65535 65535 65535 65535 65535 65535 #  46～ 60字
65535 65535 65535 65535 65535 65535 65535 65535 65535 65535 65535 65535 65535 65535 65535 #  61～ 75字
65535 65535 65535 65535 65535 65535 65535 65535 65535 65535 65535 65535 65535 65535 65535 #  76～ 90字
65535 65535 65535 65535 65535 65535 65535 65535 65535 65535 65535 65535 65535 65535 65535 #  91～105字
65535 65535 65535 65535 65535 65535 65535 65535 65535 65535 65535 65535 65535 65535 65535 # 106～120字
65535 65535 65535 65535 65535 65535 65535 65535 65535 65535 65535 65535 65535 65535 65535 # 121～135字
65535 65535 65535 65535 65535 65535 65535 65535 65535 65535 65535 65535 65535 65535 65535 # 136～150字
65535 65535 65535 65535 65535 65535 65535 65535 65535 65535 65535 65535 65535 65535 65535 # 151～165字
65535 65535 65535 65535 65535 65535 65535 65535 65535 65535 65535 65535 65535 65535 65535 # 166～180字
65535 65535 65535 65535 65535 65535 65535 65535 65535 65535 65535 65535 65535 65535 65535 # 181～195字
65535 65535 65535 65535 65535 65535 65535 65535 65535 65535 65535 65535 65535 65535 65535 # 196～210字
65535 65535 65535 65535 65535 65535 65535 65535 65535 65535 65535 65535 65535 65535 65535 # 211～225字
65535 65535 65535 65535 65535 65535 65535 65535 65535 65535 65535 65535 65535 65535 65535 # 226～240字
65535 65535 65535 65535 65535 65535 65535 65535 65535 65535 65535 65535 65535 65535 65535 # 241～255字
 65535   608   480   480   608   608   864  1120  1376  1632  1888  2144  2400  2656  2912 # 11:英大文字からのアルファベット列
  3168  3424  3680  3936  4192  4448  4704  4960  5216  5472  5728  5984  6240  6496  6752 #  16～ 30字
  7008  7264  7520  7776  8032  8288  8544  8800  9056  9312  9568  9824 10080 10336 10592 #  31～ 45字
 10848 11104 11360 11616 11872 12128 12384 12640 12896 13152 13408 13664 13920 14176 14432 #  46～ 60字
 14688 14944 15200 15456 15712 15968 16224 16480 16736 16992 17248 17504 17760 18016 18272 #  61～ 75字
 18528 18784 19040 19296 19552 19808 20064 20320 20576 20832 21088 21344 21600 21856 22112 #  76～ 90字
 22368 22624 22880 23136 23392 23648 23904 24160 24416 24672 24928 25184 25440 25696 25952 #  91～105字
 26208 26464 26720 26976 27232 27488 27744 28000 28256 28512 28768 29024 29280 29536 29792 # 106～120字
 30048 30304 30560 30816 31072 31328 31584 31840 32096 32352 32608 32864 33120 33376 33632 # 121～135字
 33888 34144 34400 34656 34912 35168 35424 35680 35936 36192 36448 36704 36960 37216 37472 # 136～150字
 37728 37984 38240 38496 38752 39008 39264 39520 39776 40032 40288 40544 40800 41056 41312 # 151～165字
 41568 41824 42080 42336 42592 42848 43104 43360 43616 43872 44128 44384 44640 44896 45152 # 166～180字
 45408 45664 45920 46176 46432 46688 46944 47200 47456 47712 47968 48224 48480 48736 48992 # 181～195字
 49248 49504 49760 50016 50272 50528 50784 51040 51296 51552 51808 52064 52320 52576 52832 # 196～210字
 53088 53344 53600 53856 54112 54368 54624 54880 55136 55392 55648 55904 56160 56416 56672 # 211～225字
 56928 57184 57440 57696 57952 58208 58464 58720 58976 59232 59488 59744 60000 60256 60512 # 226～240字
 60768 61024 61280 61536 61792 62048 62304 62560 62816 63072 63328 63584 63840 64096 64352 # 241～255字
 65535   608   608   480   480   608   864  1120  1376  1632  1888  2144  2400  2656  2912 # 12:英小文字からのアルファベット列
  3168  3424  3680  3936  4192  4448  4704  4960  5216  5472  5728  5984  6240  6496  6752 #  16～ 30字
  7008  7264  7520  7776  8032  8288  8544  8800  9056  9312  9568  9824 10080 10336 10592 #  31～ 45字
 10848 11104 11360 11616 11872 12128 12384 12640 12896 13152 13408 13664 13920 14176 14432 #  46～ 60字
 14688 14944 15200 15456 15712 15968 16224 16480 16736 16992 17248 17504 17760 18016 18272 #  61～ 75字
 18528 18784 19040 19296 19552 19808 20064 20320 20576 20832 21088 21344 21600 21856 22112 #  76～ 90字
 22368 22624 22880 23136 23392 23648 23904 24160 24416 24672 24928 25184 25440 25696 25952 #  91～105字
 26208 26464 26720 26976 27232 27488 27744 28000 28256 28512 28768 29024 29280 29536 29792 # 106～120字
 30048 30304 30560 30816 31072 31328 31584 31840 32096 32352 32608 32864 33120 33376 33632 # 121～135字
 33888 34144 34400 34656 34912 35168 35424 35680 35936 36192 36448 36704 36960 37216 37472 # 136～150字
 37728 37984 38240 38496 38752 39008 39264 39520 39776 40032 40288 40544 40800 41056 41312 # 151～165字
 41568 41824 42080 42336 42592 42848 43104 43360 43616 43872 44128 44384 44640 44896 45152 # 166～180字
 45408 45664 45920 46176 46432 46688 46944 47200 47456 47712 47968 48224 48480 48736 48992 # 181～195字
 49248 49504 49760 50016 50272 50528 50784 51040 51296 51552 51808 52064 52320 52576 52832 # 196～210字
 53088 53344 53600 53856 54112 54368 54624 54880 55136 55392 55648 55904 56160 56416 56672 # 211～225字
 56928 57184 57440 57696 57952 58208 58464 58720 58976 59232 59488 59744 60000 60256 60512 # 226～240字
 60768 61024 61280 61536 61792 62048 62304 62560 62816 63072 63328 63584 63840 64096 64352 # 241～255字
