0 2.026200
1 0.737327
2 1.530689
3 2.432971
4 4.194286
5 3.683258
6 4.603659
7 5.451923
8 5.784091
9 9.649351
10 7.452830
11 8.703704
12 7.878049
13 10.088235
14 17.222222
15 14.391304
16 12.925926
17 16.250000
18 14.714286
19 14.076923
20 15.583333
21 28.076923
22 27.900000
23 14.888889
24 16.222222
25 24.333333
26 28.866667
27 22.642857
28 21.000000
29 28.000000
30 35.600000
31 29.714286
32 19.333333
33 26.500000
34 27.000000
35 26.750000
36 32.166667
37 25.600000
38 27.500000
39 26.500000
40 29.000000
41 21.000000
42 18.000000
43 28.500000
44 35.600000
45 2.666667
46 17.666667
47 45.166667
48 62.750000
49 39.000000
50 37.666667
51 54.000000
52 22.000000
53 27.000000
54 44.333333
55 34.000000
56 34.500000
57 35.000000
58 37.500000
59 40.500000
60 11.000000
61 30.000000
62 49.000000
63 77.000000
64 29.000000
65 37.500000
66 40.333333
67 53.500000
68 59.500000
69 76.750000
70 51.000000
71 36.000000
72 22.000000
73 41.000000
74 58.500000
75 52.000000
76 52.500000
77 53.000000
78 54.000000
79 42.000000
80 37.000000
81 14.000000
82 22.000000
83 30.500000
84 39.500000
85 55.500000
86 71.500000
87 87.500000
88 98.000000
89 112.500000
90 121.500000
91 130.500000
92 105.000000
93 80.500000
94 68.500000
95 56.500000
96 44.500000
97 100.666667
98 75.500000
99 81.000000
100 82.500000
101 84.000000
102 83.250000
103 75.500000
104 66.000000
105 56.500000
106 56.500000
107 56.500000
108 56.500000
109 50.500000
110 44.500000
111 38.500000
112 32.500000
113 27.500000
114 22.500000
115 18.500000
116 15.000000
117 12.000000
118 9.000000
119 6.500000
120 4.000000
121 12.500000
122 21.000000
123 29.500000
124 38.000000
125 47.000000
126 56.000000
127 65.000000
128 78.000000
129 91.500000
130 105.000000
131 118.500000
132 139.000000
133 159.500000
134 181.000000
135 193.500000
136 187.000000
137 181.000000
138 175.000000
139 169.000000
140 163.000000
141 157.000000
142 151.000000
143 145.000000
144 139.500000
145 134.000000
146 128.500000
147 123.000000
148 123.500000
149 124.500000
150 125.500000
151 130.500000
152 135.500000
153 140.500000
154 145.500000
155 151.000000
156 156.500000
157 162.000000
158 167.500000
159 164.000000
160 160.500000
161 157.000000
162 155.000000
163 153.500000
164 152.000000
165 145.000000
166 138.500000
167 132.000000
168 125.500000
169 119.000000
170 113.000000
171 113.500000
172 114.000000
173 114.500000
174 115.000000
175 115.500000
176 116.000000
177 116.500000
178 117.000000
179 117.500000
180 118.000000
181 118.500000
182 119.000000
183 119.500000
184 120.000000
185 120.500000
186 121.000000
187 121.500000
188 122.000000
189 122.500000
190 144.000000
191 166.000000
192 188.000000
193 210.500000
194 233.000000
195 231.500000
196 230.000000
197 228.500000
198 227.000000
199 225.500000
200 224.000000
201 225.000000
202 226.000000
203 227.000000
204 228.000000
205 229.000000
206 230.000000
207 231.500000
208 233.000000
209 234.500000
210 236.000000
211 196.000000
212 156.000000
213 116.000000
214 137.000000
215 158.000000
216 179.000000
217 200.000000
218 221.000000
219 242.000000
220 263.000000
221 284.000000
222 305.000000
223 326.500000
224 348.000000
225 369.500000
226 391.000000
227 374.000000
228 357.000000
229 340.000000
230 323.500000
231 307.000000
232 290.500000
233 274.000000
234 257.500000
235 241.000000
236 225.000000
237 209.000000
238 218.500000
239 228.000000
240 237.500000
241 247.000000
242 256.500000
243 266.500000
244 276.500000
245 286.500000
246 280.000000
247 273.500000
248 267.000000
249 260.500000
250 254.000000
251 247.500000
252 240.500000
253 233.500000
254 226.500000
255 219.500000
256 213.000000
257 206.500000
258 200.500000
259 194.500000
260 188.500000
261 182.500000
262 176.500000
263 170.500000
264 164.500000
265 165.500000
266 166.500000
267 167.500000
268 168.500000
269 169.500000
270 170.500000
271 171.500000
272 172.500000
273 173.500000
274 174.500000
275 175.500000
276 176.500000
277 177.500000
278 178.500000
279 179.500000
280 180.500000
281 181.500000
282 182.500000
283 183.500000
284 184.500000
285 185.500000
286 186.500000
287 187.500000
288 188.500000
289 189.500000
290 190.500000
291 191.500000
292 192.500000
293 193.500000
294 199.500000
295 205.500000
296 211.500000
297 217.500000
298 223.500000
299 229.500000
300 235.500000
301 241.500000
302 247.500000
303 253.500000
304 259.500000
305 265.500000
306 271.500000
307 277.500000
308 283.500000
309 289.500000
310 295.500000
311 301.500000
312 307.500000
313 313.500000
314 319.500000
315 325.500000
316 331.500000
317 337.500000
318 343.500000
319 349.500000
320 355.500000
321 361.500000
322 367.500000
323 373.500000
324 379.500000
325 386.000000
326 392.500000
327 399.000000
328 405.500000
329 412.000000
330 418.500000
331 425.000000
332 431.500000
333 438.000000
334 444.500000
335 451.000000
336 457.500000
337 464.000000
338 470.500000
339 458.000000
340 445.500000
341 433.000000
342 420.500000
343 408.000000
344 395.500000
345 383.500000
346 371.500000
347 359.500000
348 347.500000
349 336.000000
350 335.000000
351 334.000000
352 333.000000
353 332.000000
354 331.000000
355 330.000000
356 329.000000
357 328.000000
358 327.000000
359 326.000000
360 325.000000
361 324.000000
362 323.000000
363 323.000000
364 323.000000
365 323.000000
366 323.000000
367 323.000000
368 320.500000
369 318.000000
370 316.000000
371 314.500000
372 313.000000
373 311.500000
374 373.000000
375 385.000000
376 397.000000
377 409.000000
378 421.000000
379 433.000000
380 445.000000
381 457.500000
382 470.000000
383 482.500000
384 495.000000
385 507.500000
386 520.000000
387 532.500000
388 545.000000
389 557.500000
390 570.000000
391 582.500000
392 595.000000
393 607.500000
394 620.000000
395 632.500000
396 645.000000
397 657.500000
398 670.000000
399 682.500000
400 695.000000
401 707.500000
402 720.000000
403 716.500000
404 713.000000
405 709.500000
406 706.000000
407 702.500000
408 699.000000
409 695.500000
410 692.000000
411 688.500000
412 685.000000
413 681.500000
414 678.000000
415 674.500000
416 671.000000
417 667.500000
418 664.000000
419 660.500000
420 657.000000
421 653.500000
422 650.000000
423 646.500000
424 643.000000
425 639.500000
426 636.000000
427 632.500000
428 629.000000
429 625.500000
430 622.000000
431 618.500000
432 615.000000
433 611.500000
434 608.000000
435 604.500000
436 601.000000
437 597.500000
438 594.000000
439 590.500000
440 587.000000
441 583.500000
442 580.000000
443 576.500000
444 573.000000
445 569.500000
446 566.000000
447 563.000000
448 560.000000
449 557.000000
450 554.000000
451 551.000000
452 548.000000
453 545.000000
454 542.000000
455 539.000000
456 536.000000
457 533.000000
458 530.000000
459 527.000000
460 524.000000
461 521.000000
462 518.000000
463 515.000000
464 512.000000
465 509.000000
466 506.000000
467 503.000000
468 500.000000
469 497.000000
470 494.000000
471 491.000000
472 487.500000
473 484.000000
474 480.500000
475 477.000000
476 473.500000
477 474.000000
478 474.500000
479 475.000000
480 475.500000
481 476.000000
482 476.500000
483 477.000000
484 477.500000
485 478.000000
486 478.500000
487 479.000000
488 479.500000
489 480.000000
490 480.500000
491 481.000000
492 481.500000
493 482.000000
494 483.000000
495 484.000000
496 485.000000
497 486.000000
498 487.000000
499 488.000000
500 489.000000
501 490.000000
502 491.000000
503 492.000000
504 493.000000
505 494.000000
506 495.500000
507 497.000000
508 498.500000
509 500.000000
510 501.500000
511 503.000000
512 504.500000
513 506.000000
514 507.500000
515 509.000000
516 510.500000
517 512.000000
518 513.500000
519 515.000000
520 516.500000
521 518.000000
522 519.500000
523 521.000000
524 522.500000
525 524.000000
526 525.500000
527 527.000000
528 527.500000
529 528.000000
530 528.500000
531 529.000000
532 529.500000
533 530.000000
534 530.500000
535 531.000000
536 531.500000
537 532.000000
538 532.500000
539 533.000000
540 533.500000
541 534.000000
542 534.500000
543 535.000000
544 535.500000
545 536.000000
546 536.500000
547 537.000000
548 537.500000
549 538.000000
550 538.500000
551 539.000000
552 539.500000
553 540.000000
554 540.500000
555 541.000000
556 541.500000
557 520.000000
558 498.500000
559 477.000000
560 455.500000
561 434.000000
562 412.500000
563 391.000000
564 391.500000
565 392.000000
566 392.500000
567 393.000000
568 393.500000
569 394.000000
570 394.500000
571 395.000000
572 395.500000
573 396.000000
574 396.500000
575 397.000000
576 397.500000
577 398.000000
578 398.500000
579 399.000000
580 399.500000
581 400.000000
582 400.500000
583 401.000000
584 401.500000
585 402.000000
586 402.500000
587 403.000000
588 403.500000
589 404.000000
590 404.500000
591 405.000000
592 405.500000
593 406.000000
594 406.500000
595 407.500000
596 408.500000
597 409.500000
598 410.500000
599 411.500000
600 412.500000
601 413.500000
602 414.500000
603 415.500000
604 416.500000
605 417.500000
606 418.500000
607 419.500000
608 420.500000
609 421.500000
610 422.500000
611 423.500000
612 424.500000
613 425.500000
614 426.500000
615 427.500000
616 428.500000
617 429.500000
618 430.500000
619 431.500000
620 432.500000
621 433.500000
622 434.500000
623 435.500000
624 436.500000
625 437.500000
626 438.500000
627 439.500000
628 440.500000
629 441.500000
630 442.500000
631 443.500000
632 444.500000
633 445.500000
634 446.500000
635 447.500000
636 448.500000
637 449.500000
638 450.500000
639 451.500000
640 452.500000
641 453.500000
642 455.000000
643 456.500000
644 458.000000
645 459.500000
646 461.000000
647 462.500000
648 464.000000
649 465.500000
650 467.000000
651 468.500000
652 470.000000
653 471.500000
654 473.000000
655 474.500000
656 476.000000
657 477.500000
658 479.000000
659 747.000000
660 746.000000
661 745.000000
662 744.000000
663 743.000000
664 742.000000
665 741.000000
666 740.000000
667 739.000000
668 738.000000
669 737.000000
670 736.000000
671 735.000000
672 734.000000
673 733.000000
674 732.500000
675 732.000000
676 731.500000
677 731.000000
678 730.500000
679 730.000000
680 729.500000
681 729.000000
682 728.500000
683 728.000000
684 727.500000
685 727.000000
686 726.500000
687 726.000000
688 725.500000
689 725.000000
690 724.500000
691 724.000000
692 723.500000
693 723.000000
694 722.500000
695 722.000000
696 721.500000
697 721.000000
698 720.500000
699 720.000000
700 719.500000
701 719.000000
702 718.500000
703 718.000000
704 717.500000
705 717.000000
706 716.500000
707 716.000000
708 715.500000
709 715.000000
710 714.500000
711 714.000000
712 713.500000
713 713.000000
714 713.500000
715 714.000000
716 714.500000
717 715.000000
718 715.500000
719 716.000000
720 716.500000
721 717.000000
722 718.000000
723 719.000000
724 720.000000
725 721.000000
726 722.000000
727 723.000000
728 724.000000
729 725.000000
730 726.000000
731 727.000000
732 728.000000
733 729.000000
734 730.000000
735 731.000000
736 732.000000
737 733.000000
738 734.000000
739 735.000000
740 736.000000
741 737.000000
742 738.000000
743 739.000000
744 740.000000
745 741.000000
746 742.000000
747 743.000000
748 744.000000
749 745.000000
750 746.000000
751 747.000000
752 748.500000
753 750.000000
754 751.500000
755 753.000000
756 754.500000
757 756.000000
758 758.000000
759 759.500000
760 761.000000
761 762.500000
762 764.000000
763 765.500000
764 767.000000
765 768.500000
766 770.000000
767 771.500000
768 773.000000
769 774.500000
770 776.000000
771 777.500000
772 779.000000
773 780.500000
774 782.000000
775 783.500000
776 785.000000
777 786.500000
778 788.500000
779 790.500000
780 792.500000
781 794.500000
782 796.500000
783 798.500000
784 800.500000
785 802.500000
786 804.500000
787 806.500000
788 808.500000
789 811.000000
790 813.500000
791 816.000000
792 818.500000
793 821.000000
794 823.500000
795 826.000000
796 828.500000
797 831.000000
798 833.500000
799 833.000000
800 832.500000
801 832.000000
802 831.500000
803 831.000000
804 830.500000
805 830.000000
806 829.500000
807 829.000000
808 829.000000
809 829.000000
810 829.000000
811 829.000000
812 829.000000
813 829.000000
814 829.000000
815 829.000000
816 829.000000
817 829.000000
818 783.500000
819 781.500000
820 779.500000
821 777.500000
822 775.500000
823 773.500000
824 771.500000
825 769.500000
826 767.500000
827 765.500000
828 763.500000
829 761.500000
830 759.500000
831 757.500000
832 755.500000
833 753.500000
834 751.500000
835 749.500000
836 747.500000
837 745.500000
838 743.500000
839 741.500000
840 739.500000
841 737.500000
842 735.500000
843 733.500000
844 731.500000
845 729.500000
846 727.500000
847 725.500000
848 723.500000
849 721.500000
850 719.500000
851 717.500000
852 715.500000
853 713.500000
854 711.500000
855 709.500000
856 707.500000
857 705.500000
858 703.500000
859 701.500000
860 699.500000
861 697.500000
862 695.500000
863 693.500000
864 691.500000
865 689.500000
866 687.500000
867 685.500000
868 683.500000
869 681.500000
870 679.500000
871 677.500000
872 675.500000
873 673.500000
874 507.500000
875 342.000000
876 375.000000
877 408.000000
878 441.000000
879 474.000000
880 507.000000
881 540.000000
882 573.000000
883 606.000000
884 639.000000
885 672.000000
886 705.000000
887 738.500000
888 738.500000
889 738.500000
890 738.500000
891 738.500000
892 738.500000
893 738.500000
894 738.500000
895 738.500000
896 738.500000
897 738.500000
898 738.500000
899 738.500000
900 738.500000
901 738.500000
902 738.500000
903 738.500000
904 738.500000
905 738.500000
906 738.500000
907 738.500000
908 738.500000
909 738.500000
910 738.500000
911 738.500000
912 738.500000
913 738.500000
914 738.500000
915 738.500000
916 738.500000
917 738.500000
918 738.500000
919 738.500000
920 738.500000
921 738.500000
922 738.500000
923 738.500000
924 738.500000
925 738.500000
926 738.500000
927 738.500000
928 738.500000
929 738.500000
930 738.500000
931 738.500000
932 738.500000
933 738.500000
934 738.500000
935 738.500000
936 738.500000
937 738.500000
938 738.500000
939 738.500000
940 738.500000
941 738.500000
942 738.500000
943 738.500000
944 738.500000
945 738.500000
946 738.500000
947 738.500000
948 738.500000
949 738.500000
950 738.500000
951 738.500000
952 738.500000
953 738.500000
954 738.500000
955 738.500000
956 738.500000
957 738.500000
958 738.500000
959 738.500000
960 738.500000
961 738.500000
962 738.500000
963 738.500000
964 738.500000
965 738.500000
966 738.500000
967 738.500000
968 738.500000
969 738.500000
970 738.500000
971 738.500000
972 738.500000
973 738.500000
974 738.500000
975 738.500000
976 738.500000
977 738.500000
978 738.500000
979 738.500000
980 738.500000
981 738.500000
982 738.500000
983 738.500000
984 738.500000
985 738.500000
986 738.500000
987 738.500000
988 738.500000
989 738.500000
990 738.500000
991 738.500000
992 738.500000
993 738.500000
994 738.500000
995 738.500000
996 738.500000
997 738.500000
998 738.500000
999 738.500000
1000 739.000000
1001 739.500000
1002 740.000000
1003 740.500000
1004 741.000000
1005 741.500000
1006 742.000000
1007 742.500000
1008 743.000000
1009 743.500000
1010 744.000000
1011 744.500000
1012 745.000000
1013 745.500000
1014 746.500000
1015 747.500000
1016 748.500000
1017 749.500000
1018 750.500000
1019 751.500000
1020 752.500000
1021 753.500000
1022 754.500000
1023 755.500000
1024 756.500000
1025 757.500000
1026 758.500000
1027 759.500000
1028 760.500000
1029 761.500000
1030 762.500000
1031 761.500000
1032 760.500000
1033 759.500000
1034 764.000000
1035 768.500000
1036 773.000000
1037 777.500000
1038 782.000000
1039 786.500000
1040 791.000000
1041 795.500000
1042 800.000000
1043 804.500000
1044 809.000000
1045 813.500000
1046 818.000000
1047 822.500000
1048 827.000000
1049 831.500000
1050 836.000000
1051 841.000000
1052 846.000000
1053 851.000000
1054 856.000000
1055 861.000000
1056 866.000000
1057 871.000000
1058 876.000000
1059 881.000000
1060 886.000000
1061 891.000000
1062 896.000000
1063 901.000000
1064 906.000000
1065 911.000000
1066 916.000000
1067 921.000000
1068 926.000000
1069 931.000000
1070 936.000000
1071 941.000000
1072 946.000000
1073 951.500000
1074 957.000000
1075 962.500000
1076 968.000000
1077 973.500000
1078 979.000000
1079 984.500000
1080 990.000000
1081 995.500000
1082 1001.000000
1083 1006.500000
1084 1012.000000
1085 1017.500000
1086 1023.000000
1087 1028.500000
1088 1034.000000
1089 1039.500000
1090 1045.000000
1091 1050.500000
1092 1056.000000
1093 1061.500000
1094 1067.000000
1095 1072.500000
1096 1078.000000
1097 1083.500000
1098 1089.000000
1099 1094.500000
